80 1 126 158 240 1 0 0 56 0 0 0 0 0 0 0 127 0 0 0 0 0 0 0 127 0 0 0 0 0 0 0
224 7 10 0 23 18 0 8 6 23 67 59 70 20 16 32 40 29 42 1 34 75 35 57 10 113 74 24 63 11 13 0
100 1 4 10 16 30 35 22 12 9 87 82 16 2 3 12 11 28 22 28 41 68 26 13 72 107 44 61 17 13 31 0
80 2 0 10 4 30 21 2 15 2 67 77 16 0 8 1 6 34 30 79 63 38 25 50 10 64 32 36 77 1 55 0
0 6 3 13 5 41 7 35 2 16 75 77 20 6 37 1 12 13 17 92 6 58 25 38 4 26 6 9 19 39 62 0
48 2 2 1 3 9 25 31 63 40 74 86 17 4 8 3 58 122 61 36 80 92 30 94 24 58 5 37 8 54 4 0
0 11 2 18 6 33 23 35 28 31 96 65 20 13 9 106 105 84 116 85 48 23 113 40 60 55 84 13 13 31 38 0
20 5 0 4 4 22 14 23 8 21 152 45 18 11 136 80 150 97 7 14 57 109 8 116 70 32 54 19 8 9 80 0
0 40 8 7 3 28 10 24 61 119 44 77 40 161 25 167 32 1 10 33 24 17 105 1 96 79 82 60 53 33 36 0
168 14 4 9 14 0 79 81 13 96 114 103 134 50 143 28 29 2 29 14 23 24 19 104 35 105 17 92 24 16 4 0
0 9 9 9 11 9 21 81 90 60 53 29 153 129 18 5 27 4 23 16 20 11 0 12 82 101 6 25 16 22 22 0
0 10 3 5 39 2 62 6 31 11 23 124 38 6 9 24 11 31 27 3 17 27 3 7 42 28 2 13 29 4 15 0
0 12 4 7 25 15 44 11 7 20 29 83 96 20 43 15 37 83 72 5 23 1 6 11 23 45 129 24 39 12 34 0
0 3 1 4 12 48 45 40 0 10 37 38 41 163 59 24 7 6 24 10 30 31 19 4 20 33 33 17 68 10 3 0
0 1 3 1 16 32 67 68 38 3 44 32 2 58 63 18 38 123 78 1 46 16 4 8 7 37 84 58 22 17 9 0
0 13 9 8 15 5 58 38 67 49 51 21 43 66 91 9 74 27 43 12 24 18 13 7 18 51 36 7 14 46 0 0
0 31 15 11 3 5 27 37 75 4 56 23 11 38 12 8 64 25 18 13 30 23 5 11 3 5 15 98 24 24 44 0
0 2 29 14 10 33 13 24 42 74 44 39 24 2 80 58 2 5 71 53 51 41 86 40 31 6 25 36 42 50 1 0
0 8 15 11 28 13 19 25 27 64 1 80 4 17 0 1 31 72 1 51 53 152 3 51 62 68 36 2 48 87 27 0
0 18 7 24 26 62 5 34 10 48 22 71 26 25 6 72 22 17 32 136 100 200 176 64 100 75 78 46 14 44 5 0
0 6 95 4 21 33 41 47 18 0 16 59 48 18 11 14 90 39 31 85 153 78 112 46 91 57 99 101 119 12 39 0
0 65 56 16 65 7 26 30 20 52 10 31 17 32 49 23 100 20 153 97 97 144 51 30 7 8 24 124 107 103 54 0
0 15 18 7 60 65 88 37 16 11 34 25 18 82 70 25 19 15 119 59 64 90 10 37 41 14 25 104 52 71 25 0
127 19 27 4 2 12 55 29 9 6 59 5 77 51 43 3 104 75 65 115 21 54 15 6 36 68 23 93 92 81 53 0
127 43 39 33 35 10 4 1 41 29 42 122 100 45 17 50 67 21 40 67 9 13 51 51 7 9 13 42 51 49 59 0
0 15 37 81 17 31 15 12 47 25 126 91 23 25 32 39 73 52 9 19 14 29 17 44 27 64 34 64 62 122 114 0
44 59 37 93 65 27 20 10 44 76 43 101 33 35 111 159 36 3 111 47 86 24 90 94 36 66 7 21 38 31 215 0
0 42 81 2 4 26 49 10 98 40 25 54 23 33 52 13 77 20 23 75 96 23 3 59 51 20 45 10 48 180 48 0
0 23 18 71 4 11 3 111 97 136 20 43 27 42 54 37 6 13 3 45 109 138 87 141 51 54 12 29 46 14 106 0
176 2 9 53 32 21 84 12 130 132 121 13 51 14 58 8 9 10 2 5 61 34 58 19 75 105 81 52 26 165 28 0
80 31 37 28 21 15 24 67 122 53 66 4 57 41 15 10 2 2 3 14 25 161 124 101 89 74 7 194 64 68 70 0
176 19 164 158 240 1 0 0 231 2 0 229 240 1 0 0 193 0 0 0 0 0 0 0 2 0 0 2 0 0 0 0