0 0 0 0 0 0 0 0 0 0 0 0 0 0 0 0 0 0 0 0 0 0 0 0 0 0 0 0 0 0 0 0 0 0 0 0 0 0 0 0 0 0 0 0 0 0 0 0 0 0 0 0 0 0 0 0 123 59 106 85 255 127 0 0
0 1 4 2 4 2 3 12 3 8 4 9 1 1 4 2 1 0 15 8 7 6 55 10 118 27 3 6 22 40 29 32 16 20 15 43 8 42 11 13 5 48 9 53 4 46 87 1 75 12 6 67 23 96 51 4 35 1 14 8 37 5 37 0
79 1 5 8 5 0 0 4 5 20 10 2 5 10 3 8 7 2 5 9 2 21 50 113 20 1 1 13 20 44 20 19 28 21 38 33 28 12 15 9 2 33 26 35 46 10 24 14 1 3 28 102 38 71 52 17 21 10 19 35 3 44 48 0
0 2 1 5 3 2 8 4 1 13 11 2 1 0 7 12 14 1 8 9 7 84 32 56 4 1 3 10 9 9 5 38 12 6 14 22 39 3 23 7 13 28 26 22 36 3 31 15 6 13 27 96 88 26 33 20 19 6 34 32 75 50 17 0
152 7 0 1 2 1 4 8 7 2 15 2 9 12 7 3 6 10 8 1 4 93 78 14 1 1 6 3 10 11 11 25 10 27 22 22 32 7 22 19 2 3 5 57 1 24 36 5 39 23 24 84 100 2 11 24 50 57 34 28 64 56 16 0
64 1 1 1 2 7 2 2 8 10 14 5 11 24 16 0 10 8 1 0 44 67 85 8 2 2 5 15 3 18 1 1 0 8 5 11 1 2 37 9 35 35 9 38 23 52 3 52 43 36 20 103 24 20 23 14 23 68 16 75 82 23 14 0
101 4 1 10 4 7 0 5 7 1 23 17 11 14 10 4 0 1 5 19 59 35 82 2 1 3 0 2 1 2 11 6 2 2 4 20 21 29 59 110 6 73 21 3 7 27 28 11 34 45 1 105 17 33 2 3 33 58 27 91 88 21 1 0
111 2 1 2 2 1 1 2 1 0 13 14 0 3 1 11 14 12 6 32 47 45 76 3 4 1 10 0 2 10 3 4 6 7 2 40 8 33 51 32 117 29 32 20 30 3 27 64 130 16 14 55 43 12 8 10 22 26 21 52 74 12 26 0
136 1 7 2 1 2 3 1 6 2 13 17 2 3 22 19 21 7 18 38 50 50 75 2 5 1 10 11 13 5 8 16 19 26 12 22 42 18 24 35 26 84 94 11 45 3 38 3 72 18 28 18 21 2 22 22 20 12 24 7 81 3 3 0
188 6 2 0 3 9 2 6 10 2 22 22 6 9 18 0 9 2 10 27 68 47 84 2 3 4 20 19 30 9 4 7 3 17 15 16 42 18 30 43 49 65 37 68 52 4 25 7 54 40 37 51 21 20 16 17 10 6 37 33 55 34 21 0
0 4 7 3 2 2 5 8 3 7 15 5 2 9 6 22 33 11 6 3 47 46 87 8 5 3 9 13 6 9 6 13 15 9 7 20 72 50 5 13 10 63 87 22 25 32 40 4 5 9 19 79 43 46 32 8 7 5 16 42 40 30 10 0
0 8 1 4 1 4 0 8 5 3 17 16 5 13 1 30 37 5 11 5 28 58 80 7 0 0 6 5 10 1 3 7 17 7 63 89 34 5 40 16 4 35 10 45 62 7 65 18 25 6 31 67 65 14 32 9 29 27 0 6 21 40 16 0
128 6 6 5 0 0 2 14 5 6 7 17 17 15 4 17 16 3 2 10 15 82 71 24 1 9 2 0 13 16 11 7 43 121 64 31 86 43 17 5 45 69 13 15 23 76 68 83 3 48 37 15 69 19 7 10 2 8 6 23 23 18 38 0
0 5 6 3 1 1 4 5 8 2 1 11 9 8 4 4 6 4 10 5 8 89 55 41 2 13 22 5 2 5 5 71 145 55 148 63 40 44 51 71 86 67 18 35 22 51 71 63 34 45 39 34 36 33 23 45 30 20 25 29 42 17 14 0
1 13 9 5 1 1 2 1 4 2 0 6 5 14 12 4 2 7 5 2 8 112 10 45 16 4 12 15 6 8 83 127 78 121 27 2 22 7 4 5 0 28 75 55 28 23 57 28 3 50 27 23 37 44 10 37 39 23 70 30 72 2 43 0
0 6 4 5 4 3 5 0 11 0 7 16 2 8 8 1 7 2 6 12 18 113 67 20 10 5 7 1 8 105 93 128 88 5 11 0 9 18 8 9 5 6 9 45 76 6 25 33 23 17 34 50 1 5 30 2 39 29 29 32 60 9 37 0
208 3 29 18 11 4 8 1 5 5 3 19 3 6 1 5 10 14 0 18 129 73 102 8 4 3 7 19 129 51 137 59 5 17 1 13 2 11 11 2 2 1 4 5 28 74 31 24 34 7 104 35 45 45 25 59 26 41 10 12 35 26 38 0
220 4 29 16 13 4 4 1 0 2 4 10 6 2 0 10 1 16 78 110 5 94 24 4 8 4 40 140 24 149 40 2 1 8 4 6 11 3 9 17 9 1 12 26 13 30 85 33 73 54 45 16 37 76 4 63 34 61 6 13 27 38 19 0
2 1 7 3 2 3 8 6 6 2 4 16 13 3 0 54 111 91 1 98 79 8 6 7 9 83 143 27 128 17 5 11 28 9 2 22 7 8 9 9 12 20 2 19 26 20 29 105 32 87 25 12 17 18 31 40 21 15 13 3 12 6 8 0
2 5 3 3 8 1 3 4 0 0 9 18 26 61 88 57 35 94 83 14 0 0 21 70 124 76 102 126 17 4 14 3 10 22 6 2 32 13 5 2 3 5 12 16 18 5 23 39 90 47 42 18 7 38 47 35 19 22 5 20 17 4 4 0
0 3 2 1 0 9 3 2 2 4 37 7 84 7 83 124 98 45 28 29 44 69 97 56 59 138 69 10 6 17 21 13 25 5 13 32 18 28 19 9 21 3 16 1 19 20 9 13 68 31 80 13 27 22 1 15 2 9 14 0 8 19 9 0
20 5 6 3 1 4 5 0 6 7 11 44 98 61 16 24 26 23 3 7 11 13 114 125 57 19 11 6 4 10 2 8 3 23 19 4 46 38 25 32 20 20 7 3 0 4 4 19 12 78 48 47 4 12 12 61 5 16 0 8 6 18 5 0
0 11 4 2 1 1 1 1 6 3 57 49 22 29 8 15 14 23 16 34 17 13 125 44 19 48 11 6 2 9 10 10 15 15 13 31 38 15 63 10 32 9 18 0 2 6 0 6 24 64 4 68 45 25 39 16 23 18 1 5 7 2 17 0
0 6 8 4 4 2 0 7 4 7 60 60 17 17 5 1 9 3 5 4 19 47 132 44 75 28 18 20 3 10 10 14 23 31 18 15 31 57 31 17 3 22 18 22 19 3 7 17 25 8 72 103 35 69 18 11 22 8 7 9 12 13 3 0
0 4 10 4 6 4 9 0 10 4 48 51 4 9 5 1 2 4 1 8 29 43 120 9 106 104 36 11 0 2 3 18 1 32 46 31 37 27 3 31 11 4 13 14 0 1 19 2 10 35 99 17 233 49 8 6 6 12 5 2 17 16 13 0
0 1 8 1 2 2 1 9 5 4 37 3 41 4 11 4 4 3 5 3 30 35 57 50 3 64 40 27 42 7 5 10 32 20 2 55 64 19 27 44 9 26 2 1 17 17 1 14 2 12 40 63 79 79 17 1 14 3 9 12 10 9 18 0
144 9 3 0 2 5 4 10 3 5 1 56 71 8 7 12 0 8 4 6 11 16 28 61 119 14 51 46 51 91 17 48 14 23 77 56 29 50 33 3 58 40 7 7 20 10 35 19 3 5 11 4 44 6 23 14 36 11 2 9 5 10 4 0
0 3 5 2 2 1 2 2 6 4 7 47 10 61 5 16 2 3 4 0 11 29 13 37 51 88 29 127 101 124 7 58 26 8 31 11 29 34 10 19 32 30 43 2 3 27 4 23 27 1 3 31 44 7 2 28 21 21 5 2 8 5 11 0
0 3 4 10 4 3 0 5 0 3 7 6 91 57 29 4 6 1 6 2 11 34 3 27 43 25 80 86 19 91 7 67 18 25 30 39 47 3 10 1 14 56 33 20 8 3 25 17 2 13 10 43 58 36 22 29 14 14 8 3 15 4 2 0
0 5 3 8 10 6 4 4 5 14 13 8 24 89 80 14 14 12 2 11 2 33 3 39 18 82 37 41 20 65 22 52 22 1 46 53 33 2 2 2 4 31 13 21 3 2 0 25 27 6 19 36 48 62 40 21 6 23 27 8 7 1 22 0
144 6 4 1 3 2 3 1 14 3 3 1 12 59 63 67 19 9 18 1 0 19 3 35 10 56 22 22 17 43 34 34 42 37 29 46 14 3 3 3 7 3 53 55 18 6 14 8 3 21 26 37 6 60 1 61 3 17 25 15 1 4 7 0
0 27 14 5 14 4 6 1 14 4 9 1 8 13 30 58 50 36 7 3 19 26 18 31 27 52 22 7 9 47 54 39 20 16 45 3 21 3 2 10 2 16 45 6 43 28 5 11 5 8 13 31 44 59 6 33 24 0 14 10 1 6 9 0
0 32 3 12 12 3 9 7 4 3 14 1 8 9 10 34 64 14 61 17 3 22 33 19 38 37 26 17 54 60 9 40 18 1 22 15 10 17 1 8 1 22 9 29 24 6 21 3 21 11 17 4 52 15 66 44 6 29 12 10 23 19 10 0
0 9 30 12 4 7 3 15 5 1 2 10 5 19 8 1 21 65 39 6 38 25 27 16 17 9 33 4 64 5 15 59 46 13 16 24 10 24 37 6 6 31 1 24 8 4 12 15 21 5 19 29 1 38 55 28 17 13 8 9 27 47 12 0
0 17 11 9 2 15 0 4 2 7 5 13 5 6 3 5 21 17 33 68 25 2 33 2 10 14 39 5 68 3 124 62 26 18 30 2 67 81 50 6 0 35 7 29 2 3 14 10 0 12 7 16 5 27 0 45 35 27 36 34 48 14 31 0
80 2 19 23 13 13 7 1 3 11 9 18 2 13 20 1 2 0 6 5 25 2 39 31 41 15 6 13 68 22 33 35 78 44 61 35 52 27 21 20 13 17 18 1 1 17 25 11 12 0 2 0 3 10 43 26 48 13 21 8 15 39 42 0
160 14 5 14 24 3 4 1 7 8 10 17 15 15 6 11 1 2 23 17 9 7 20 32 17 29 33 42 15 74 115 79 121 112 5 92 16 5 21 3 22 15 29 36 88 95 73 5 60 45 17 9 15 16 19 9 22 37 17 47 43 14 12 0
32 41 25 16 9 3 17 2 22 20 1 11 26 9 0 15 12 14 20 41 21 5 15 41 29 34 13 9 65 2 83 57 24 47 82 8 9 14 30 3 33 32 143 103 35 93 57 71 15 56 92 16 41 32 29 20 2 25 25 26 29 41 72 0
8 13 1 1 9 21 16 7 15 8 16 18 10 11 4 8 3 7 10 34 39 5 9 29 36 22 29 40 7 15 51 31 76 56 4 10 0 10 8 15 45 172 13 142 130 56 35 111 137 154 14 50 53 2 19 11 21 5 35 12 22 3 9 0
40 19 22 3 1 7 21 5 6 2 28 20 30 5 16 19 7 17 2 25 14 16 0 42 24 42 17 13 53 8 20 34 28 22 46 27 14 11 65 117 173 113 139 64 5 29 178 54 10 53 113 58 35 98 45 22 18 17 7 24 8 37 6 0
72 15 5 7 39 36 11 17 9 13 18 30 33 35 38 14 6 2 12 13 34 6 5 61 24 45 27 10 5 23 31 36 52 48 28 19 71 97 32 3 91 97 58 132 34 183 134 32 63 186 8 84 53 39 100 42 30 8 10 42 22 16 4 0
72 3 35 6 43 34 22 19 4 9 12 10 46 39 13 11 7 2 5 12 4 2 18 26 8 44 0 27 18 37 36 50 49 15 29 94 21 96 117 117 59 29 10 62 108 25 19 62 54 60 9 10 41 48 68 117 69 33 51 18 4 25 8 32
198 16 53 25 34 35 10 7 5 25 3 18 22 1 12 14 22 23 16 28 28 21 4 11 1 6 28 33 3 64 23 29 3 35 51 53 95 42 25 7 21 37 122 96 26 69 69 13 1 66 21 28 7 25 28 60 119 93 28 14 77 18 16 0
168 2 19 44 3 4 17 1 20 46 9 25 28 7 18 19 12 18 17 47 4 33 1 15 4 0 12 25 30 62 6 12 54 9 48 94 4 7 0 17 84 98 61 55 48 4 1 18 58 3 19 3 23 5 4 76 152 110 95 8 104 49 22 0
200 2 2 9 10 13 31 4 40 24 8 47 35 33 8 12 17 4 6 1 26 15 14 16 14 14 12 32 12 74 7 34 20 71 187 10 39 37 50 1 92 102 70 21 2 9 6 22 4 52 17 17 13 58 87 79 57 70 169 1 50 45 2 0
200 2 26 6 2 16 6 20 25 3 11 41 52 5 2 28 14 9 3 7 18 14 5 20 22 2 4 54 31 60 28 38 12 18 48 63 49 15 54 63 129 75 62 12 27 8 9 23 18 42 30 25 12 51 55 12 61 6 39 38 9 32 4 0
32 9 24 6 18 19 11 4 6 10 10 0 11 35 1 8 3 7 8 32 12 24 9 5 11 21 89 85 76 28 27 22 49 48 59 4 1 23 65 104 16 12 32 31 11 27 3 13 19 17 57 3 19 12 78 39 24 43 51 32 58 2 20 0
32 4 3 0 17 18 6 12 7 4 14 27 34 36 34 11 8 13 7 4 32 37 21 5 69 74 23 66 12 34 46 85 66 15 33 9 4 96 73 23 65 8 32 34 23 23 33 9 29 21 13 42 15 15 42 86 82 33 6 35 17 51 5 0
64 3 16 23 23 3 1 16 11 19 17 10 2 4 3 7 12 33 10 7 22 28 21 80 26 134 116 67 20 17 92 11 10 37 24 21 57 64 63 22 20 11 5 22 42 18 21 29 26 12 3 62 48 29 12 5 30 28 15 23 67 28 87 0
96 17 17 30 41 10 31 1 17 31 5 14 22 4 5 25 17 13 5 7 8 39 135 56 167 4 59 15 4 18 61 105 56 23 9 11 7 18 96 6 23 19 13 20 19 32 3 35 34 27 27 11 49 59 67 42 26 46 23 12 3 92 40 0
172 16 2 33 51 25 45 37 27 23 35 1 15 12 1 7 5 24 18 5 6 111 54 140 26 68 29 33 56 20 49 123 80 52 43 21 77 86 21 85 18 26 9 15 43 41 1 34 62 38 90 52 19 43 13 32 102 19 39 12 15 73 156 1
160 8 6 1 29 49 24 18 5 21 28 2 40 1 15 3 40 20 7 22 52 92 142 41 19 29 3 21 11 41 68 21 143 97 16 41 80 51 165 57 30 16 23 16 22 35 13 65 30 29 29 26 35 79 50 27 38 49 53 38 98 65 39 0
192 5 3 45 55 10 15 40 24 10 18 30 6 37 33 2 20 5 12 13 103 137 35 2 8 22 9 37 24 86 31 221 65 11 51 46 9 69 0 58 27 4 21 1 8 84 86 110 21 72 58 23 1 44 46 24 55 49 56 141 44 177 147 0
224 24 35 22 25 8 24 61 46 12 24 10 9 17 20 37 39 5 11 64 47 125 8 3 1 9 5 54 45 122 125 47 127 44 43 14 18 91 27 125 5 24 1 10 3 56 22 60 32 55 55 21 65 26 5 22 28 11 62 46 196 87 71 0
0 52 18 52 45 6 20 37 39 27 3 0 16 11 30 20 9 28 17 60 56 103 8 7 5 1 21 41 84 24 131 97 25 2 6 14 17 10 107 3 79 18 6 7 50 16 56 31 13 29 5 11 26 17 23 9 13 51 59 191 28 115 76 0
240 30 14 43 50 20 45 18 24 15 18 20 24 29 6 32 56 29 61 48 55 101 8 1 0 2 26 21 78 44 14 41 1 3 3 3 1 9 4 104 19 80 14 46 1 67 49 88 78 58 16 35 12 21 11 23 8 52 44 91 134 41 2 0
176 23 7 19 22 34 39 64 23 18 9 15 12 15 35 47 58 59 28 61 65 100 8 2 4 9 25 36 41 16 24 1 1 4 1 7 7 6 8 9 101 19 78 29 68 43 6 127 58 50 27 23 24 25 11 23 11 34 2 51 87 6 4 0
0 23 4 10 29 16 11 12 10 25 9 38 1 26 13 48 50 9 53 103 71 91 16 0 5 1 40 8 2 16 5 0 6 2 6 3 1 5 1 8 11 128 9 156 35 56 27 73 73 82 16 13 37 11 23 0 23 14 54 71 63 36 2 0
204 9 7 13 6 15 10 18 9 25 3 16 32 37 9 8 41 49 62 104 175 28 11 3 9 10 73 71 35 3 2 3 4 1 0 4 1 1 0 7 13 19 130 128 6 53 31 43 98 32 42 25 6 31 32 68 37 68 124 84 53 101 27 0
0 4 9 6 3 14 20 21 4 11 12 15 40 54 10 46 24 10 112 26 57 7 2 9 2 12 35 71 9 5 8 0 2 6 7 2 1 0 5 2 7 25 77 42 67 10 32 42 40 77 77 16 21 40 87 34 70 22 62 126 186 137 59 0
32 6 16 19 5 7 23 22 9 18 12 9 9 8 40 20 9 49 74 91 2 15 8 3 4 39 34 45 4 1 5 7 1 0 0 0 0 3 4 3 7 17 9 152 124 76 9 4 28 120 30 62 116 61 112 137 94 100 126 28 89 17 24 0
16 6 17 2 23 64 8 39 16 12 19 18 31 23 11 11 7 90 45 79 13 15 0 11 25 59 55 18 2 2 2 5 8 1 3 1 2 2 6 8 3 16 17 153 27 114 11 3 29 59 80 183 4 143 140 51 82 80 9 108 30 113 42 0
16 24 1 32 20 43 70 24 18 5 2 10 7 2 2 8 36 65 115 2 2 19 6 10 47 33 41 3 3 6 1 5 1 1 0 2 1 3 9 1 4 18 19 69 108 142 30 2 18 11 71 18 134 98 55 88 50 37 11 30 42 103 10 0
80 102 203 109 70 2 0 0 202 0 0 0 0 0 0 0 240 18 203 109 70 2 0 0 80 1 203 109 70 2 0 0 205 0 0 0 0 0 0 0 205 0 0 0 0 0 0 0 64 18 203 109 70 2 0 0 48 86 203 109 70 2 0 0