105 0 99 0 101 0 92 0 72 0 97 0 114 0 100 0
152 4 26 20 42 25 64 15 14 10 17 46 21 47 29 0
109 6 4 3 21 8 46 7 94 69 75 23 69 8 77 0
115 15 37 13 93 75 134 145 81 131 60 92 43 43 75 0
68 11 18 89 31 138 118 141 111 24 30 78 100 12 1 0
76 21 2 65 106 9 131 50 5 1 13 59 16 45 46 0
92 10 36 73 46 44 65 13 40 8 3 27 33 23 58 0
109 2 53 36 100 53 17 33 20 72 39 9 26 8 22 0
101 26 8 23 55 5 48 8 68 5 43 119 70 61 31 0
160 24 39 19 27 74 0 44 5 93 15 51 1 42 71 0
0 51 3 16 6 48 13 8 11 125 43 8 40 47 137 0
64 16 27 48 28 23 85 26 103 0 23 32 60 28 67 0
16 39 11 21 49 55 59 3 22 15 9 10 3 62 126 0
4 44 10 11 32 57 16 20 33 55 75 21 29 15 26 0
0 15 23 52 95 47 16 80 5 73 9 19 65 89 114 0
51 0 0 0 0 0 0 0 0 0 0 0 0 0 0 0