0 0 0 0 0 0 0 0 0 0 0 0 0 0 0 0
8 16 12 15 24 12 50 53 54 11 18 45 50 51 35 0
0 29 6 44 49 30 45 24 27 53 23 12 19 34 15 0
16 25 3 1 4 15 13 11 1 34 23 14 28 9 55 0
0 6 0 24 18 13 8 36 10 13 8 0 39 42 66 0
0 6 14 47 30 12 20 55 11 27 5 40 32 39 52 0
95 6 6 1 30 23 18 9 41 14 7 9 4 15 17 0
0 4 12 7 2 29 4 34 41 41 47 8 44 25 21 0
0 32 5 38 38 18 23 37 22 24 17 3 38 72 58 0
48 12 35 39 61 31 23 12 2 3 20 4 18 42 31 0
32 31 5 0 23 3 11 32 9 31 21 7 13 1 1 0
0 77 23 6 2 0 3 11 28 32 13 18 9 8 13 0
0 23 5 1 17 14 60 24 14 7 13 10 4 30 49 0
0 11 5 4 18 31 2 27 29 20 24 19 46 51 50 0
0 22 23 45 23 45 5 21 23 44 15 12 22 5 41 0
46 0 0 0 0 0 0 0 192 252 127 195 147 0 0 0