92 0 67 0 117 0 114 0 114 0 101 0 110 0 116 0 67 0 111 0 110 0 116 0 114 0 111 0 108 0 83 0 101 0 116 0 92 0 67 0 111 0 110 0 116 0 114 0 111 0 108 0 92 0 78 0 108 0 115 0 92 0 83 0
111 15 0 22 3 16 13 22 24 19 12 18 19 17 17 7 2 1 0 0 8 32 8 8 32 8 0 0 0 0 0 0 0 1 2 1 2 7 24 17 29 50 21 22 22 15 14 14 7 1 3 23 7 62 12 13 0 0 21 14 1 17 35 0
48 15 15 40 25 23 40 6 29 19 12 6 11 11 17 7 1 2 1 0 0 8 0 0 8 1 1 1 1 1 0 0 0 1 1 1 4 1 4 10 18 22 9 23 15 30 15 14 14 0 23 32 17 54 3 30 10 7 14 1 8 17 3 0
224 30 5 25 5 5 20 1 9 14 18 12 25 17 17 14 0 1 2 2 0 1 0 0 1 2 8 8 8 9 2 0 0 2 2 0 1 0 3 10 4 23 36 31 15 30 15 0 14 14 0 24 33 10 7 27 20 7 7 12 24 1 28 0
218 10 10 20 10 10 20 1 14 8 12 0 11 18 10 14 7 0 0 2 3 4 1 1 1 9 20 5 21 12 10 2 2 3 3 1 0 0 4 10 11 17 17 12 22 15 7 7 0 21 23 36 40 12 27 20 24 27 19 32 27 7 21 0
180 10 40 53 25 10 35 1 14 27 24 12 12 11 3 7 7 0 0 1 2 2 2 4 9 8 15 20 67 21 19 17 6 8 3 1 0 7 24 10 24 34 15 8 22 21 14 14 21 30 14 3 45 65 11 32 14 27 35 20 14 14 14 0
0 25 44 13 48 30 20 16 2 36 19 6 19 24 20 7 14 0 1 4 3 6 3 10 33 13 4 25 17 5 8 33 70 20 9 7 7 14 27 17 21 13 5 7 16 7 0 8 24 15 2 0 3 39 13 18 54 37 19 14 14 14 7 0
0 27 4 11 20 10 5 15 3 4 21 0 5 8 20 20 14 7 0 2 12 27 17 7 48 42 10 11 13 7 6 7 32 13 36 11 10 27 20 14 14 3 5 1 16 17 16 14 11 2 1 0 0 27 58 12 51 28 14 14 14 14 7 0
136 22 23 13 2 10 5 22 4 4 44 13 6 20 7 20 17 14 0 14 23 8 20 5 16 40 43 42 27 7 2 2 1 4 24 12 12 17 14 14 13 3 6 7 1 18 12 3 2 2 1 0 1 3 43 53 1 17 14 14 21 14 21 0
112 28 9 1 2 10 13 6 3 9 21 0 6 13 7 10 10 14 21 27 20 23 11 2 7 8 23 5 12 9 2 4 1 2 4 20 27 43 7 1 24 2 10 24 22 16 6 12 1 1 1 1 2 7 16 16 19 14 21 21 14 2 5 0
0 39 5 2 2 25 47 14 3 9 8 0 6 13 7 20 10 0 20 8 17 30 14 8 15 24 31 44 23 8 4 5 10 7 0 12 4 26 5 13 32 11 11 15 13 27 27 12 6 1 1 1 7 22 3 11 14 28 21 7 6 9 11 49
18 3 1 2 13 25 32 14 3 9 8 0 6 13 17 30 7 20 20 14 0 30 24 17 33 32 33 14 12 9 17 9 10 0 3 6 6 2 9 1 6 13 4 20 2 23 18 9 14 2 1 2 4 7 22 21 21 21 21 17 19 27 23 0
0 0 1 13 47 40 47 14 3 9 21 0 6 13 7 13 2 20 14 28 17 27 16 14 24 48 57 26 26 10 6 1 6 6 12 3 6 9 36 67 10 9 17 15 5 9 1 35 0 4 11 3 22 47 33 14 7 21 7 9 17 7 7 0
0 0 1 23 32 25 13 1 3 4 31 26 6 13 14 7 10 16 14 14 20 23 13 24 8 34 5 49 23 11 3 3 2 6 6 0 0 6 9 26 19 42 28 9 5 13 9 24 33 49 12 38 1 21 14 0 0 7 4 14 9 19 40 0
64 5 9 17 22 25 2 1 10 4 5 39 19 6 11 12 36 7 13 17 27 15 1 7 6 6 55 34 12 2 5 1 1 3 6 6 3 0 6 11 41 23 30 16 5 23 5 16 49 60 9 49 7 19 7 7 7 0 4 27 25 27 45 0
0 28 1 17 22 25 2 1 25 11 31 26 6 6 10 47 50 17 13 17 17 8 3 2 3 19 40 6 7 14 10 7 4 2 0 3 6 7 3 6 9 67 45 35 20 21 2 6 46 17 6 5 29 22 21 14 21 8 24 42 1 38 30 0
72 39 35 18 32 23 0 22 3 9 21 0 6 6 6 26 13 9 13 24 17 14 1 13 36 35 1 5 10 12 3 14 0 6 2 1 0 6 5 6 3 38 8 14 46 2 58 42 7 3 9 12 33 2 7 7 18 9 3 9 31 30 15 0
16 13 22 21 49 26 16 20 4 9 21 0 6 12 4 32 23 14 6 11 3 21 7 23 34 53 39 4 6 11 5 7 5 0 5 9 5 3 0 4 4 6 28 77 40 27 29 9 0 0 9 1 14 9 0 7 10 3 20 36 30 15 7 0
0 39 35 6 11 7 21 22 4 4 44 26 0 5 25 21 16 5 7 31 17 16 30 16 19 32 54 21 6 5 5 9 5 12 7 14 2 10 1 0 4 19 8 27 4 10 9 12 9 11 8 59 21 10 0 12 31 35 1 23 15 15 0 0
0 0 17 0 4 9 11 21 4 9 47 39 13 12 18 25 10 19 4 11 7 19 24 47 13 15 15 13 6 11 22 10 9 3 6 10 9 11 8 5 3 2 4 2 0 3 9 9 10 15 37 70 7 28 10 1 12 6 16 15 30 15 0 0
0 0 24 28 3 9 10 17 3 4 18 13 26 40 35 46 64 43 1 28 2 7 8 40 17 2 8 43 20 18 50 9 4 18 17 13 25 4 3 14 3 1 1 0 3 6 6 3 37 72 37 19 10 14 13 35 31 7 38 30 15 0 0 0
0 26 28 9 2 7 18 20 3 4 5 26 26 27 37 31 37 48 23 26 11 12 25 24 40 33 21 40 23 9 33 35 56 1 58 24 65 4 9 14 1 3 1 3 6 7 12 42 36 12 25 12 10 25 8 0 24 29 30 0 0 7 7 0
0 13 3 10 22 2 16 20 3 4 18 26 13 27 37 27 11 45 2 23 28 5 7 8 24 41 3 16 2 7 10 10 35 5 25 17 28 5 13 3 2 3 1 2 1 49 29 37 7 39 20 5 0 19 35 30 35 30 30 15 7 21 14 0
0 0 3 5 3 7 16 20 3 4 18 13 26 39 45 27 12 29 2 11 1 5 3 6 27 19 16 25 3 14 14 5 12 17 18 53 32 11 2 3 2 3 24 35 0 40 1 29 59 25 11 0 3 5 11 13 18 5 15 30 0 7 21 0
0 6 2 9 3 7 16 20 3 4 18 39 39 39 40 15 33 65 4 3 15 27 7 15 9 8 12 18 12 13 21 17 11 4 31 32 2 2 2 4 2 30 71 31 20 38 35 48 32 18 21 7 23 62 25 45 25 10 5 30 30 7 21 0
228 6 15 5 3 7 16 20 3 3 5 13 26 13 28 2 20 35 17 4 21 14 4 16 10 27 28 14 22 19 39 26 7 8 10 17 6 11 8 0 6 3 35 28 24 24 19 5 26 18 14 14 14 23 28 42 0 5 5 0 30 15 14 0
0 19 40 30 6 7 16 28 4 8 6 26 26 12 25 40 17 23 12 16 17 11 23 13 12 21 35 34 23 6 10 32 10 63 31 11 10 9 15 10 3 28 30 10 6 41 13 26 18 5 10 12 20 19 41 26 0 10 10 0 15 15 7 0
48 19 27 27 6 7 8 4 5 3 31 26 6 19 21 9 31 28 21 13 20 4 18 10 34 13 18 5 5 31 36 40 53 36 11 4 7 0 11 2 6 18 65 16 0 30 14 26 15 1 3 17 14 27 0 6 23 7 35 5 15 15 7 0
32 19 27 27 6 7 8 4 5 9 21 0 6 13 7 3 42 2 11 2 36 46 23 4 15 1 26 21 24 9 17 39 1 1 6 6 3 13 4 3 3 10 29 13 17 13 9 6 8 1 10 11 24 20 28 9 6 1 41 31 31 22 14 0
32 13 27 27 6 10 8 4 5 9 8 0 12 13 7 6 12 2 6 12 9 32 12 13 12 8 22 14 9 16 48 15 13 13 18 1 8 8 0 3 3 13 21 5 19 18 34 1 8 15 30 42 39 43 30 23 49 7 17 24 24 24 16 0
64 13 27 27 9 2 11 4 5 9 8 6 18 7 20 16 20 11 9 16 4 10 6 28 1 5 32 38 21 30 43 4 15 3 18 63 42 14 14 2 7 20 21 14 17 13 17 11 4 4 16 23 39 32 15 10 50 11 0 16 8 19 9 0
96 26 32 34 9 1 11 12 5 9 8 0 25 7 40 41 20 6 35 22 11 30 17 17 1 4 30 56 74 43 4 26 31 6 8 40 46 37 13 9 32 74 9 10 19 26 23 1 8 15 29 28 36 46 37 22 35 38 8 7 20 33 25 0
172 31 7 5 2 1 30 68 11 9 8 13 43 10 48 21 26 26 9 17 7 23 8 7 27 2 5 24 23 25 34 4 30 23 14 0 31 69 10 22 27 41 13 9 13 12 16 18 15 30 33 21 15 29 14 14 14 29 7 8 23 30 33 1
160 6 0 25 8 4 2 31 6 17 14 20 12 25 64 37 19 4 4 18 20 9 15 2 15 23 25 59 37 24 20 11 36 54 53 25 25 26 14 8 3 30 3 14 17 20 37 25 9 25 45 41 6 14 7 0 7 7 16 15 38 45 26 0
192 24 6 32 23 4 21 50 22 35 5 44 34 30 31 34 6 3 2 6 13 17 19 3 7 21 33 26 36 40 29 19 5 14 30 38 1 24 22 13 21 7 36 26 9 1 17 22 22 1 25 20 21 14 0 0 8 16 14 34 40 77 23 0
192 15 18 33 50 19 21 34 8 25 6 16 4 3 27 25 35 15 11 0 12 34 23 0 14 15 30 44 51 3 1 39 13 27 4 0 40 21 1 24 28 4 8 37 11 1 8 8 15 30 4 8 7 0 0 16 16 6 34 20 3 32 5 1
204 12 1 4 30 19 21 34 8 9 16 15 3 25 11 28 13 3 17 14 9 1 2 19 49 65 53 51 23 4 4 36 23 6 32 34 26 8 19 9 31 37 2 7 11 31 9 8 20 23 32 12 7 0 16 16 2 34 33 3 8 2 2 0
24 11 7 10 37 16 18 34 8 26 34 2 13 15 32 34 43 30 6 13 18 8 40 21 22 78 54 32 22 11 30 22 0 6 20 10 25 5 24 1 21 29 12 41 10 17 14 17 5 4 21 14 7 8 16 2 18 55 44 25 1 3 5 0
56 13 32 8 11 21 30 37 15 5 9 36 36 7 6 4 4 12 19 20 8 2 1 2 29 17 9 12 22 12 27 32 39 14 38 55 17 4 17 12 26 36 32 25 4 15 8 34 32 13 13 14 7 8 7 3 16 39 22 4 6 6 3 0
88 16 12 1 8 6 18 35 15 2 26 5 9 1 1 4 4 9 26 43 49 37 14 3 2 52 46 34 2 10 39 17 41 38 49 38 13 8 46 42 11 36 1 14 17 11 7 2 52 38 5 14 0 16 8 13 45 59 33 2 6 0 3 0
120 11 2 39 60 28 17 31 7 19 1 8 3 8 0 19 17 22 8 10 39 24 8 54 24 31 15 6 9 14 24 22 30 29 14 23 28 22 18 20 11 0 44 42 22 1 24 6 27 20 21 7 16 16 1 18 24 27 1 6 3 3 9 32
220 8 7 38 21 10 17 32 7 25 8 29 15 27 25 20 37 49 2 30 7 19 12 29 0 19 20 31 24 6 25 18 14 30 21 17 41 17 31 17 30 15 4 2 22 13 42 28 22 5 7 16 16 0 1 17 42 23 7 6 3 3 6 0
184 8 11 24 6 13 17 32 15 26 23 6 3 37 10 3 40 45 22 26 10 51 2 29 25 1 12 32 24 6 33 32 2 21 25 31 2 55 37 20 48 35 19 14 26 23 2 12 33 7 8 24 0 0 14 46 40 33 7 6 12 9 3 0
77 18 11 24 9 1 20 45 36 5 1 23 8 11 4 3 6 27 32 40 48 10 3 0 11 4 6 6 3 12 14 48 23 12 10 2 1 43 40 12 21 8 6 10 26 35 35 5 38 15 0 16 8 1 19 31 48 30 3 9 12 6 0 0
77 22 16 24 9 4 12 2 1 24 0 5 27 15 30 31 11 18 27 49 62 4 4 28 11 4 13 25 9 19 6 2 32 11 19 10 25 19 23 30 9 13 10 10 17 5 7 33 24 21 7 8 16 0 13 30 6 17 6 0 3 0 3 0
127 5 35 28 24 4 20 40 16 8 1 27 26 36 24 24 34 33 4 33 34 20 5 7 4 8 9 10 23 29 8 7 41 32 10 7 6 20 1 30 17 21 18 26 24 12 26 25 15 14 7 0 16 7 10 7 46 15 0 0 0 6 9 0
240 12 4 6 36 19 20 32 21 29 0 8 18 18 16 24 7 4 11 39 18 35 11 0 0 8 8 18 17 17 18 5 27 32 18 9 33 16 29 63 37 18 5 17 18 11 18 26 23 21 7 0 16 6 24 4 15 3 0 0 3 9 13 0
192 23 42 20 21 16 20 31 17 2 5 9 9 12 21 26 40 23 5 43 19 11 21 4 0 0 8 4 9 24 32 21 15 41 29 34 30 40 0 25 19 16 1 3 7 13 25 17 22 17 1 1 14 18 41 26 27 4 0 3 9 21 51 0
127 15 21 10 30 28 14 24 26 28 2 9 13 2 3 1 46 35 1 33 38 19 28 1 0 7 4 8 9 21 2 8 19 4 11 27 26 5 64 13 18 5 2 23 4 15 4 36 13 10 4 36 21 20 37 34 22 8 6 0 59 72 8 0
127 8 29 19 35 23 25 37 12 6 5 10 31 19 0 0 38 11 17 20 13 17 18 8 11 28 7 12 22 13 1 10 2 32 17 1 47 27 30 33 33 4 34 11 18 20 8 44 9 22 25 6 3 3 29 7 19 2 0 57 82 33 34 0
240 10 33 13 40 24 15 21 14 21 35 24 24 16 7 11 22 7 26 7 25 15 16 8 8 7 8 17 21 4 7 17 18 25 16 10 9 12 10 0 5 37 32 18 15 10 7 30 24 42 2 17 15 13 10 24 27 13 24 81 44 12 5 0
240 35 7 15 39 27 10 26 24 12 26 13 5 1 1 14 8 7 2 4 13 13 20 3 12 8 8 6 6 3 1 15 21 40 16 3 27 27 18 10 4 3 29 70 15 10 10 11 2 17 24 26 10 22 1 6 9 8 43 3 20 25 41 0
80 7 24 30 40 18 16 43 27 22 14 6 35 26 19 6 15 14 29 9 22 28 4 1 8 8 8 12 30 19 23 11 32 48 1 1 26 21 4 1 7 4 6 29 15 37 17 12 1 1 16 24 7 18 3 13 5 13 57 3 26 15 33 255
32 28 28 25 36 21 19 22 9 9 21 26 20 17 5 19 12 7 4 22 25 8 34 13 8 4 8 9 27 35 23 5 8 32 33 6 15 11 12 13 9 5 3 4 23 14 43 17 1 1 32 32 7 8 26 6 9 38 29 20 3 38 39 63
64 21 29 25 52 21 19 30 29 10 7 16 0 4 2 17 7 25 4 15 8 28 42 22 17 4 2 23 27 2 15 11 8 0 32 18 8 41 24 8 1 4 0 3 7 5 15 4 2 17 56 15 4 51 27 6 8 29 16 14 5 33 39 0
0 4 7 24 8 5 19 45 16 10 14 9 13 14 2 21 6 4 1 3 7 29 6 5 33 5 20 16 31 5 22 12 24 0 16 33 6 7 11 11 4 3 3 6 12 25 6 1 2 0 24 1 12 31 7 6 31 25 3 13 27 39 34 191
0 1 19 2 7 5 4 25 34 29 14 0 3 17 4 11 17 8 5 27 20 12 13 12 22 14 43 26 20 11 13 49 48 32 0 32 26 24 49 24 14 10 5 3 4 25 1 14 4 7 32 32 1 16 37 12 33 27 20 37 6 47 31 0
90 7 34 25 26 10 19 37 15 12 7 4 8 4 8 11 21 24 13 36 1 2 1 6 19 1 2 30 35 42 9 24 0 32 16 16 17 15 7 4 11 2 4 0 6 23 20 4 8 4 29 13 36 34 16 5 14 33 18 14 11 13 11 0
56 31 39 27 12 22 16 29 15 12 21 11 8 0 1 17 9 26 12 8 9 24 15 0 19 23 8 47 45 45 36 32 0 16 32 16 33 6 8 18 0 6 3 3 6 1 0 10 15 5 13 25 29 58 24 46 61 36 10 8 11 18 12 0
16 20 35 27 16 20 5 14 35 6 14 7 8 4 6 6 17 1 2 8 24 1 7 7 2 10 46 38 12 14 8 48 16 0 32 32 48 18 7 41 26 14 10 5 3 7 29 32 14 11 21 50 4 32 44 50 13 17 15 15 6 28 16 0
0 31 36 16 14 15 21 20 3 17 14 11 4 22 27 12 6 22 17 26 3 16 0 16 35 11 42 18 11 14 24 48 0 0 1 16 16 0 10 16 11 11 2 3 3 9 26 6 19 20 8 32 37 54 80 32 2 22 16 8 5 15 0 0
0 17 21 7 16 15 17 17 45 23 18 12 3 14 3 6 8 5 22 35 44 16 0 28 21 11 32 25 16 7 8 32 16 1 3 2 1 1 2 8 34 19 14 10 8 12 12 3 29 5 12 18 23 6 11 19 17 24 26 29 3 23 31 0
192 12 34 53 18 15 26 56 4 17 15 13 22 12 3 14 16 12 15 3 2 21 28 47 22 22 5 8 2 8 8 16 32 1 2 1 1 1 1 9 19 18 4 2 3 3 13 67 9 11 8 11 21 12 22 2 3 14 29 36 30 27 15 0
0 155 228 226 97 2 0 0 16 16 0 0 0 0 0 0 1 1 0 0 0 0 0 0 80 1 228 226 97 2 0 0 192 191 228 226 97 2 0 0 169 227 119 139 248 127 0 0 0 0 228 226 97 2 0 0 48 233 159 196 185 0 0 0