PS C:\Users\Mahdi\Desktop\YCbCr_Mem\Simulate> .\memFinder.exe
152 162 171 -> 4597
154 163 172 -> 4830
155 164 173 -> 4918
157 164 174 -> 5047
159 168 175 -> 5283
160 169 176 -> 5317
161 170 177 -> 5383
162 171 178 -> 5431
163 172 179 -> 5467
165 174 181 -> 5623
168 177 184 -> 5848
169 176 186 -> 5880
167 176 181 -> 5887
168 177 182 -> 5975
169 178 183 -> 6052
170 179 184 -> 6168
174 178 189 -> 6681
174 178 187 -> 6787
174 182 185 -> 6868
175 182 188 -> 6970
178 181 186 -> 7549
179 182 187 -> 7738
180 183 188 -> 7950
183 186 193 -> 8338
184 189 195 -> 8495
185 190 196 -> 8664
185 190 194 -> 8772
189 189 197 -> 9261
189 192 199 -> 9372
192 193 198 -> 9954
193 196 201 -> 10110
194 197 202 -> 10223
196 197 202 -> 10479
197 198 203 -> 10600
198 201 206 -> 10623
198 202 205 -> 10661
199 203 206 -> 10764
200 204 207 -> 10857
201 205 208 -> 10922
202 206 209 -> 10973
205 206 210 -> 11325
206 207 211 -> 11375
205 206 208 -> 11406
206 207 209 -> 11467
207 208 210 -> 11495
208 209 211 -> 11536
209 209 211 -> 11603
210 210 212 -> 11609
209 209 209 -> 11650
46 41 45 -> 14774
54 52 57 -> 16685
50 48 53 -> 17395
49 50 54 -> 18131
48 52 55 -> 18697
50 58 60 -> 18905
51 60 65 -> 19053
49 58 65 -> 19736
48 57 64 -> 19970
45 54 63 -> 19995
47 56 65 -> 20032
46 56 65 -> 20048